2257           0          35
2702           1           4
3148           2           3
3594           4          -3
5824          13           5
6267         281          -1
6714         252          -2
7163         198           3
7606         170           0
 467         453          36
 912         457          -3
1358         459          -5
1804         461          -7
2251         463          42
2696         465          45
3145         465          -6
3589         466          -2
5378         474          96
5822         476          -8
6267         477          -6
  19         908          45
 463        1188           5
1356         916           0
1803         917          -2
2248         919          -6
2694         920          45
3141         921          -2
3586         921           2
4033         922          15
4481         923          14
4927         927          19
5372         929          -4
5817         931          -4
  16        1366           8
 461        1368           6
 907        1369          40
1353        1370          19
1797        1371          -1
2244        1372          -5
2691        1373          -2
3138        1374          13
4478        1379          15
4925        1381          -5
5369        1383          -1
 457        1826          28
2239        1830          37
2688        1831           1
3133        1832          -9
3580        1834         -13
4027        1836          -8
4476        1838         -12
4922        1840         -16
5366        1840          66
 452        2286          26
 898        2287         -17
1344        2288           6
1789        2289          62
2236        2290          17
2683        2291         -12
3131        2292         -10
3577        2294          -7
4023        2295          -9
4472        2298          -9
4917        2299           4
5363        2301          12
6250        2306          26
6696        2307          14
 450        2748           3
 895        2749         -14
1340        2750         -16
1786        2751           7
2232        2752          16
2678        2753          23
3126        2755          50
3573        2756          10
4019        2758          39
4468        2759          40
4914        2760           9
5358        2762          -3
5804        2764          35
6249        2766         -11
6695        2767          -8
7138        2768           4
 446        3219         -12
 891        3204         -12
1337        3211         -18
1782        3212         -10
2228        3213          -6
2677        3215          15
3125        3216          16
3570        3217          14
4016        3220          23
4911        3222          16
5355        3225          38
5799        3227          30
6245        3229          31
6690        3230          40
   0        3666          19
 444        3670          22
 888        3671          45
1334        3672          24
1782        3673         -22
2227        3674         -13
2673        3675          -6
3121        3676          -7
3567        3678          33
4012        3680           7
4908        3681         -13
5352        3686          42
5797        3687          39
6689        3690          35
7132        3691          56
 888        4127         -14
1333        4128         -25
1779        4129         -17
2226        4131           7
2673        4132         -22
3119        4133         -17
3563        4136          18
4009        4137         -21
4458        4139         -24
4905        4141         -19
5795        4145          38
6240        4146          24
6684        4148          33
 438        4583         -12
 884        4583         -13
1330        4584         -12
1776        4587          21
2222        4588          11
2669        4590         -23
3116        4592         -19
3559        4593         -20
4007        4594         -25
4456        4596         -21
6239        4604           6
6683        4606          50
 883        5041          31
1328        5042          28
1771        5046          36
2218        5047          16
2666        5049          11
3112        5051         -15
3557        5051         -16
4004        5053          -3
4452        5055          -5
1768        5505          38
2217        5505          36
2663        5506         -21
3109        5507         -17
3554        5508          25
4450        5512          -3
2216        5968          22
2661        5960         -22
5135        2042          67
2799        1263         112
